$ANSIBLE_VAULT;1.1;AES256
39343937623665666630386135316261613761373066633762646637343361376364633234643136
3230366637386564666466356331356237663663636239340a303436663430336162303431373834
64633534303665636535306139623464356538323962623832373431353161653839323436303164
3538343838306263390a353361363330356234326363356262306134303636326564366266626437
33376561623834633066623464323561333066313361383332316333383661623635643532326231
34303530363636616631643838626331636131653832373635323235363063393434396335366363
30643938643732646439613161303131316461353333343432616437306433313835376462306531
36353033643737353838626134616166623232363062653736346135633464396131643862653137
36396638663532623737356262326533346431616131343737636237393239356238376533646536
34333433666631643265363533323636333338633435303666376565353331356466366236616266
33323065646530343731373932316433653161373363613663653165616239626266363937363532
39343766663738623361383135343665613966353230663262303632376466616465653232383033
31636362316635376662376465373434376164333461383939306531313166633533
